814
762
757
765
769
739
718
695
708
752
853
1037
983
933
830
764
756
769
846
891
873
873
953
859
816
788
790
799
806
790
783
762
762
753
808
906
854
810
842
938
999
923
853
855
894
861
813
784
785
841
1250
1211
958
837
834
917
957
922
847
822
769
726
742
817
1111
1030
948
900
842
771
757
743
880
987
910
838
787
766
769
768
831
888
906
892
841
792
739
751
756
1355
1173
968
898
854
825
804
785
758
750
691
702
710
1301
1027
948
797
758
750
801
837
872
789
760
773
757
760
718
688
694
683
828
1068
1045
959
853
811
845
920
862
777
729
698
751
1200
1003
1003
964
883
758
742
751
901
881
819
715
724
716
787
773
767
709
698
676
699
691
699
688
681
656
678
707
1011
950
920
790
751
726
761
819
815
741
712
696
752
953
972
934
804
756
749
853
837
858
749
736
735
840
921
874
870
889
835
771
720
739
803
874
903
903
905
856
830
809
777
768
731
753
715
715
716
766
821
1024
966
907
846
797
800
804
866
1281
1183
1070
1023
1012
940
917
913
873
832
866