891
895
916
1014
918
826
757
769
822
1195
945
949
1017
964
824
854
1291
1147
940
1014
1132
968
885
931
1304
1004
979
950
891
857
999
883
950
854
816
819
925
1322
1242
1027
903
942
1153
1009
1021
1359
1080
928
980
1249
1064
967
1067
902
843
851
1092
1110
1034
941
904
788
792
816
1228
1121
925
874
914
826
867
933
1142
1113
1002
834
776
750
922
1103
1150
979
852
833
893
955
821
847
883
832
849
880
1010
964
840
812
804
888
909
888
854
831
811
801
766
739
763
707
849
1218
1193
1005
896
866
957
972
869
786
769
829
1161
993
924
938
943
890
881
858
871
939
1042
986
855
770
738
785
1048
1039
1063
937
917
907
820
785
789
873
1021
1026
962
854
783
805
970
917
866
868
869
946
938
911
813
764
741
769
1012
986
928
856
871
939
956
953
882
849
788
772
770
804
898
835
825
859
833
851
919
996
977
1004
931
815
818
860
1198
1097
936
940
1052
1021
933
918
896
1061
1118
1119
1012
900
910
1101
1083
1108
1011
897
867
891
964