1081
1079
1021
1083
1100
1076
1020
1090
988
999
1063
1053
981
1032
1031
1002
1046
1096
1031
1028
1099
1062
1073
1101
1011
1066
1054
1011
1061
1106
1137
1039
1068
1128
1157
1089
1098
1120
1042
1078
1143
1185
1104
920
953
978
947
920
940
983
943
924
938
957
946
931
965
1015
1020
1025
1027
942
967
1015
1043
1040
1002
1044
1073
1089
1072
1063
985
1039
1122
1087
1010
1027
1047
1049
1023
946
968
1002
1022
921
951
975
998
1021
1042
924
974
1024
1057
1059
1033
1071
1106
1030
986
1067
1098
1094
1003
1026
1082
1108
1090
1061
1118
1133
1093
1129
1125
1059
1002
974
1023
1101
1099
1035
1071
1021
1032
1066
1104
1078
1033
994
1040
1073
1059
1051
1078
1092
1034
1001
1070
1078
1020
1071
1018
1088
1122
1062
1027
1063
1093
1037
1052
1013
1064
1085
1095
1071
1007
1024
1061
986
1051
963
930
979
1052
1010
1073
1131
1040
1073
1124
1080
1086
1119
1128
1131
1040
1095
1155
1087
1066
1105
1026
1091
1146
1175
1078
1055
1081
1045
1020