995
1098
1158
1109
1105
1169
1123
1128
1099
1068
1106
1089
1121
1168
1048
1096
1139
1092
1131
1163
1062
1079
1093
1086
1147
1064
1143
1094
1111
989
877
914
980
1091
1036
1087
1088
1027
1082
1120
1121
1101
1103
1038
1041
1049
1020
975
1039
1019
991
1004
1019
1044
1048
1015
971
985
981
1032
1114
1150
1099
1141
1066
1076
1110
1140
1051
1107
1060
1046
1081
1108
1041
1097
1107
1006
1075
1112
1017
1087
1122
1044
1064
1037
1015
1057
1018
1014
1081
1033
1098
1055
1063
1124
1123
1029
1033
1075
1087
1072
978
1016
1017
1068
1100
1136
1055
1041
1086
1109
1146
1170
1096
1106
1043
1038
1075
1128
1056
1045
1085
1135
1160
1082
1111
1124
1054
979
950
963
1014
1075
1024
1033
1080
1129
1033
1081
1128
1142
1114
1048
1010
1056
1114
1063
1096
1145
1027
1048
1062
1075
1069
1028
1071
1043
1071
1056
1068
1009
1090
1154
1083
1143
1096
1039
1001
1088
1076
1137
1138
1116
1045
1089
1146
1139
1131
1142
996
937
1030
1128
1130
1167
1096
1114
1144
1156