811
715
704
722
758
759
689
704
757
798
761
702
710
728
782
733
713
726
679
707
733
713
721
730
789
802
764
802
852
849
795
754
757
846
931
922
905
908
896
817
854
805
689
707
954
876
902
879
785
779
795
810
761
786
796
812
735
787
840
890
831
850
750
704
665
659
703
831
822
740
701
732
739
658
674
695
762
770
802
772
811
813
789
713
714
722
737
800
773
847
896
899
735
700
682
747
785
781
810
965
946
745
717
729
717
754
725
747
826
871
860
867
805
765
764
770
764
744
666
646
627
644
723
798
808
709
689
675
730
790
826
825
823
738
761
729
751
791
765
810
802
780
724
692
715
742
699
763
772
788
859
849
738
699
699
702
736
825
822
824
741
704
752
778
838
771
690
708
745
833
860
902
877
876
863
838
830
788
832
890
889
908
842
781
762
849
927
901
834
813
830
876
853
812
833
817
822
858
850
804
782
724
768
783
870
895
834
771
800
784
835
860
802
794
786
807
833
801
801
798
813
812
868
823
866
852
768
771
807
847
834
871
868
856
888
855
811
772
788
800
794
747
813
875
800
785
786
737
774
854
898
814
741
720
734
777
757
791
712
721
756
823
758
802