778
841
787
807
806
833
775
750
725
754
784
820
784
729
758
815
842
735
722
742
758
777
784
742
747
777
787
707
760
795
825
855
785
809
788
784
766
784
780
743
796
800
822
808
721
695
709
751
826
802
793
825
857
825
852
815
761
705
672
699
738
874
854
800
750
819
771
729
727
743
769
774
721
760
778
805
792
738
743
755
754
728
697
720
744
809
764
739
739
773
776
753
733
786
827
786
699
717
716
721
752
746
719
726
766
808
795
721
700
693
670
655
689
728
796
821
819
704
704
696
733
739
757
758
732
707
705
747
795
824
846
800
808
802
819
847
816
724
741
808
890
909
858
759
759
764
806
831
848
867
839
844
861
856
749
767
817
889
882
846
757
770
829
895
897
898
844
816
850
883
925
802
817
896
936
907
846
820
822
887
880
881
829
783
768
815
886
864
792
737
756
789
897
856
904
813
813
827
828
823
785
763
758
773
728
746
732
676
661
723
856
861
784
781
788
790
766
716
758
804
848
803
806
791
731
772
838
873
899
820
849
878
909
891
916
905
875
911
939
953
898
857
884
957
1005
950
876
904