697
719
768
791
813
776
780
786
740
706
688
714
755
813
768
816
840
808
823
808
814
751
771
771
845
840
889
912
857
856
808
818
762
727
693
857
847
841
841
848
796
844
846
836
819
827
808
789
808
812
854
873
835
843
848
842
782
813
816
777
692
670
696
733
762
777
745
707
729
752
676
646
649
667
699
718
683
646
660
733
737
664
656
672
695
722
735
712
688
714
727
669
633
644
674
717
758
773
734
741
743
758
663
628
621
653
698
729
723
694
688
736
773
710
654
626
604
604
688
750
718
669
706
728
822
810
733
740
728
704
694
723
748
747
672
686
722
734
742
720
676
690
707
739
749
727
752
763
714
683
687
740
751
752
757
688
726
747
774
791
792
769
757
726
694
727
842
751
693
688
707
760
758
780
752
665
635
639
669
706
736
748
736
689
683
677
720
718
695
713
702
732
757
762
753
770
752
692
724
740
760
737
727
710
729
760
766
749
698
665
632
659
728
747
783
713
736
741
714
726
759
757
751
756
732
726
741
781
694
680
743
775
771
708
749
841
889
775
774
714
666
705
767
764
987
843
788
790
808
794
799
798
749
710
706
818
843
815
745
755
768
782
798
736
687
696
759
854
822
819
808
819
788
826
876
892
809
789
819