643
631
629
673
733
782
689
715
697
748
794
794
793
775
805
785
795
771
718
755
828
853
819
865
857
737
697
692
788
790
752
815
896
946
863
800
787
813
856
869
890
855
796
818
813
820
813
813
771
798
793
779
802
842
870
805
818
824
762
732
732
771
801
785
753
772
794
731
746
755
785
757
711
667
678
725
763
723
730
731
756
754
755
718
738
752
755
688
688
701
747
772
768
776
763
718
690
650
646
668
677
730
764
781
771
743
718
724
688
699
727
744
752
746
700
695
690
703
652
671
700
663
674
684
700
716
729
690
722
727
742
739
704
729
728
678
651
661
678
713
729
724
678
663
687
718
731
741
701
729
725
771
779
756
752
753
733
743
741
751
719
678
677
696
671
688
713
731
677
657
657
662
687
715
729
750
753
702
704
714
738
732
700
723
717
697
705
725
741
760
783
720
688
691
725
741
723
765
747
719
719
736
750
734
714
710
747
745
792
780
715
722
732
752
753
807
791
796
786
773
764
697
715
712
668
648
639
717
773
752
738
816
970
881
857
791
788
806
792
813
841
857
838
848
855
814
795
805
793
794
827
881
841
779
766
757
803
783
729
731
764
839
829
809
775
759
774
697
688
697
731
788