1139
1167
1044
1053
979
931
955
971
1055
1091
1044
1096
1115
1020
1023
1063
1112
1074
1136
1136
1049
1098
1114
1079
1114
1167
1104
1110
1176
1108
1154
1191
1134
1073
1117
1130
1067
1126
1129
1105
1079
956
990
900
931
980
1008
1014
971
1040
981
884
871
907
951
994
979
1054
978
974
976
978
944
907
938
952
871
870
889
937
999
973
1022
1023
906
904
926
968
1018
1012
1066
1048
1015
952
868
825
836
896
1002
1024
948
929
958
922
899
944
917
895
946
963
1019
940
934
931
972
974
907
934
970
1017
1017
950
944
971
979
971
923
921
907
859
843
898
928
1016
1063
967
949
943
961
969
1007
978
1038
1063
1037
955
920
923
943
1008
1019
1040
1098
1097
1061
1013
1008
1037
1094
1101
1015
1004
1023
1092
1090
991
1015
1010
1021
994
987
929
986
1003
1062
1110
1053
979
976
1133
1157
1155
1172
1093
1162
1181
1080
1050
1059
1119
1164
1136
1192
1157
1122
1178
1106
1111
1207
1222
1141
1164
1166
1110
1155