1007
1150
1183
1189
1153
1109
1162
1110
1047
1028
960
1050
1135
1095
1075
1054
1121
1129
1068
1188
1143
966
971
1056
1043
1109
1113
1100
1074
1078
1003
1047
1145
1110
1124
1107
1117
1015
978
903
1035
1068
1132
1124
1036
1092
979
886
878
933
1032
979
1026
1045
916
925
945
993
943
984
1020
916
839
842
886
952
946
943
1008
931
860
862
863
916
967
944
1006
966
888
873
877
914
909
951
1073
1014
995
934
895
914
921
845
823
867
942
919
916
854
853
880
889
893
905
842
847
885
902
919
860
820
840
857
910
895
843
856
879
893
926
877
826
812
830
874
927
908
854
889
934
901
847
848
872
903
970
921
861
867
909
947
997
930
957
1028
1063
987
921
953
942
967
1022
949
1006
1045
1017
1043
949
959
992
1044
1051
947
982
1016
1061
1044
985
1019
1016
1000
1033
959
906
874
1029
1037
1053
1090
1063
1032
1147
1170
1093
1105
1096
1036
1138
1210
1126
1077
1120
1144
1091
1174
1218
1085
1113
1199
1118
1188
1189
1132
1082
1136
1127
1057
1157
1188