986
932
978
964
989
945
968
994
957
995
1007
970
974
921
975
992
927
938
926
915
945
969
947
951
975
975
927
966
943
925
1033
1060
1025
1017
969
986
1008
945
976
910
895
900
1018
1089
1089
1093
1021
1034
991
972
983
934
854
872
830
820
786
785
807
826
849
857
846
836
835
782
754
730
742
766
795
862
853
925
913
875
915
896
867
848
814
825
906
839
797
830
830
855
895
929
984
997
939
971
998
1007
1005
967
951
943
897
941
945
998
1048
948
936
992
1010
1028
1048
988
990
1021
1089
969
979
976
983
997
1056
936
967
938
979
999
947
873
874
901
939
988
1008
1005
1013
974
896
888
888
874
871
908
941
952
1077
1055
1055
1050
1052
1034
1021
1010
972
947
880
879
858
910
1038
1091
1104
1103
1113
1109
975
1027
1042
1073
1022
1071
1117
1123
1140
1099
1013
1049
1144
1116
1088
1108
1095
1083
1113
1105
1093
1077
1085
983
1029
1071
991
940
1038
1017
1064
1063
1050
1002
1074
1059
1079
1128
1091
1053
1076
1017
935
987
1063
1159
1178
1146
1109
1113
1102
1083
1099
1088
1016
1021
1001
1038