980
983
981
997
962
920
956
946
985
993
1009
1025
1011
1045
956
981
1011
942
923
930
1007
946
977
1002
993
987
1044
1009
965
983
999
939
1026
974
880
900
1012
1030
1053
1063
1061
1015
1020
1036
944
919
922
908
913
931
940
951
929
936
878
853
874
906
930
975
1006
1017
961
929
946
977
950
957
949
947
918
847
854
886
955
982
992
1019
1002
981
913
926
945
946
972
969
958
922
871
899
896
845
884
932
985
1031
1026
1033
1022
1011
1015
885
905
929
959
998
1003
894
908
940
987
1015
1038
1036
1042
1040
1024
930
954
979
1026
1031
1073
1021
993
1016
1035
985
916
941
1006
1080
1078
1055
1061
1052
1019
1008
1009
1013
997
927
896
929
1006
1015
1034
1056
1029
1005
1000
926
960
1028
1036
1023
1042
993
895
868
909
966
1020
1049
1053
1073
1076
1093
1119
1108
1088
1025
1055
1055
1054
1013
1037
1089
1059
1039
940
985
1052
1037
1023
1032
1063
1076
1067
1074
1018
1046
1060
1060
976
1019
979
1000
1026
936
952
986
995
1016
1009
954