723
657
679
683
677
712
727
705
669
662
707
762
833
818
782
836
854
822
750
725
801
881
903
854
865
892
847
801
801
825
860
873
925
951
919
867
859
839
813
763
752
808
849
844
835
862
889
867
818
747
755
815
864
847
886
926
915
852
800
739
673
658
619
620
624
643
621
601
600
619
651
682
692
713
710
668
650
648
627
643
687
724
762
702
632
621
652
671
655
647
685
724
777
787
773
737
683
683
712
688
721
764
776
837
854
854
821
754
685
685
709
771
788
768
774
729
716
786
821
827
792
725
718
787
794
848
862
781
716
684
714
740
779
821
833
825
794
702
719
745
777
784
710
690
718
767
807
810
770
709
693
754
768
813
778
723
740
771
796
812
781
762
700
696
736
769
745
776
786
716
680
728
780
801
778
752
720
655
666
702
733
790
765
747
771
802
791
676
632
624
624
633
669
731
780
789
795
749
721
727
753
777
766
705
660
665
711
774
779
796
738
682
714
749
759
803
806
729
672
690
721
762
794
820
821
815
785
775
759
707
663
663
726
785
825
813
741
694
638
633
761
811
788
786
823
864
828
757
788
840
867
813
805
851
879
885
813
764
770
849
821
780
838
852
806
757
807
838
820
752
725
793
826
855
882
843
801
834
851
795
732
768
791
738
717