849
845
865
894
909
871
913
923
867
782
782
829
874
811
886
917
791
712
757
855
916
927
906
917
930
905
832
854
895
952
902
875
931
951
872
879
883
881
845
882
926
897
830
831
885
888
862
799
784
817
841
847
863
897
916
882
851
761
752
793
807
845
882
854
805
740
728
768
826
872
888
854
845
879
843
767
754
804
852
874
830
792
808
810
724
671
720
756
815
856
852
817
819
771
767
799
831
870
849
835
806
760
737
760
822
861
849
859
888
852
761
732
769
781
751
739
704
708
778
839
864
867
874
824
827
839
829
813
750
684
708
803
888
902
915
896
834
752
736
771
828
869
868
851
793
820
868
892
891
858
837
850
861
877
809
799
839
869
904
897
883
798
732
759
828
890
894
830
830
880
880
885
823
783
806
870
895
921
885
803
746
788
816
851
842
759
770
801
829
838
850
797
746
766
788
806
817
753
707
718
719
786
776
763
776
801
790
766
797
771
785
777
759
716
659
629
723
794
816
784
785
795
752
723
771
851
833
763
718
736
771
862
873
823
788
803
804
746
731
746
788
774
752
797
867
871
822
742
744
779
837
836
807
789
830
900