816
771
712
691
666
613
614
663
806
726
682
678
690
724
734
644
690
764
731
654
648
674
662
784
819
821
779
762
688
646
713
713
668
681
754
794
720
771
816
745
691
684
725
724
770
742
648
636
661
677
689
651
602
600
609
671
713
669
619
634
718
733
722
640
638
692
733
707
663
741
715
658
707
697
683
618
610
609
627
681
722
672
629
635
703
647
644
667
670
672
676
674
645
643
680
650
644
681
705
654
691
712
762
735
724
688
671
606
610
627
696
730
727
724
708
637
632
661
632
640
675
688
692
677
678
680
645
606
601
658
723
720
729
640
655
686
662
613
613
619
659
674
728
646
594
604
610
639
679
645
673
670
608
615
626
645
685
676
688
653
619
627
648
673
678
713
712
672
608
615
631
659
661
670
667
611
611
620
676
646
673
685
665
634
620
648
616
596
598
627
597
593
604
612
627
652
650
642
595
586
586
604
604
601
636
667
728
661
730
718
715
646
618
630
668
642
667
688
711
672
718
695
637
676
697
768
781
708
659
660
672
673
687
673
638
631
666
627
665
665
733
688
629
610
604
633
643
693
684
660
671
678
623
615
631
671
640
666
618
693
680
640
626
654
685
629
607
632
608
597
597
617
659
651
613
611
647
678
713
646
622
615
632
664
682
707
661
629
632
695
734
689
650
662
704
698
685
626
640
721
742
730
664
710
745
775
695
665
689
742
724
667
709
825
767
696
709
722
674
