860
749
679
639
619
638
671
686
622
599
624
638
635
623
614
619
658
688
701
632
641
658
670
673
660
680
649
652
643
656
610
610
625
670
675
666
655
631
662
657
668
627
651
639
670
669
634
617
606
599
634
683
721
687
676
652
627
604
588
594
627
650
704
717
646
626
656
648
617
591
584
583
592
600
647
669
663
636
629
644
628
590
578
575
652
655
676
683
640
628
657
702
685
632
647
646
670
644
645
649
627
639
625
599
577
575
591
638
663
676
670
696
638
616
622
623
595
603
602
613
636
649
662
644
637
626
605
585
589
596
588
572
563
553
549
563
584
644
650
720
603
589
592
600
625
655
660
646
630
639
669
689
683
667
646
604
612
576
569
585
618
688
704
751
654
726
712
752
743
656
648
682
701
699
711
691
702
707
700
690
652
691
750
680
639
663
679
691
720
707
654
608
603
597
649
676
714
749
669
662
688
707
700
674
627
634
605
609
620
655
666
672
700
663
688
700
681
687
617
604
604
589
582
582
598
645
667
664
707
628
586
608
626
644
661
628
605
614
598
614
634
645
646
627
643
593
590
570
565
566
627
669
608
619
653
736
725
722
637
659
706
694
731
712
732
646
648
699
722
795
769
712
715
716
744
732
660
629
624
645
714
683
695
724
811
792
779
688
687
719
728
672
646
658
666
691
662
637
688
757
726