811
791
768
744
730
720
691
690
700
731
767
824
832
835
838
838
807
786
778
797
809
838
858
866
847
847
835
808
819
829
823
843
863
852
847
838
821
828
825
819
844
857
869
859
834
813
813
839
842
831
851
848
849
819
837
825
842
800
773
773
812
867
875
853
841
825
796
795
792
790
776
786
810
805
814
818
798
771
763
760
764
777
777
779
778
768
764
766
789
806
819
836
844
832
801
790
791
785
795
794
813
813
806
800
793
771
794
780
775
788
773
773
807
758
711
707
717
731
737
743
748
761
755
780
808
822
793
762
749
738
743
754
760
759
736
727
740
753
785
818
828
835
821
796
770
779
791
819
825
819
810
780
777
767
744
753
775
814
833
827
794
785
777
792
804
795
801
781
781
791
808
825
821
830
844
847
833
818
815
816
812
833
820
811
796
790
796
803
821
826
828
819
810
813
822
817
807
795
784
780
796
785
804
796
811
819
815
826
835
849
852
855
864
857
869
890
865
858
847
823
834
854
863
861
862
853
854
831
818
827
830
810
822
810
794
818
845
852
839
851
860
845
814
804
822
833
841
835
857