838
850
844
878
884
879
877
877
856
814
789
778
811
812
826
830
863
874
824
790
777
782
783
800
818
833
846
819
819
855
862
862
798
756
769
768
760
782
855
887
891
888
866
843
829
791
782
820
849
874
903
920
920
926
919
896
864
871
888
895
865
858
800
769
764
781
786
785
821
852
831
788
790
806
813
813
816
791
767
767
800
771
754
764
779
791
804
814
827
802
770
776
782
809
840
848
854
855
841
821
807
811
826
831
836
830
822
814
812
821
817
820
832
771
734
750
772
808
809
817
805
769
765
753
775
797
811
798
792
801
844
861
826
794
773
758
757
767
773
773
777
793
813
824
820
808
763
743
752
760
765
807
814
844
852
848
853
860
862
843
825
811
805
813
824
836
853
858
819
812
810
808
823
816
803
776
781
798
815
813
828
801
797
808
828
848
832
818
827
828
860
855
837
807
793
788
780
807
800
794
796
806
812
824
846
854
852
848
840
829
822
811
796
793
801
809
803
808
813
811
794
808
814
834
844
856
874
872
864
859
840
824
809
811
816
769
748
797
818
806
834
842
819
823
826
815
804
764
748
772
815
817
827
820
816
819
845
836
827
810
811
803
787
760
723
744