990
1010
1016
902
785
720
686
677
718
792
758
810
872
910
885
782
750
763
735
711
705
754
790
829
811
780
743
754
712
730
756
846
923
951
880
858
849
737
738
763
815
849
866
820
830
865
754
753
766
882
950
925
893
917
869
760
719
729
749
729
788
817
845
796
761
725
715
739
714
701
717
755
758
764
816
842
800
805
792
829
743
742
749
750
752
729
726
729
789
771
789
793
831
804
769
729
716
702
705
762
818
833
794
769
763
771
775
746
719
762
779
767
721
735
754
787
750
754
712
710
747
775
755
808
816
802
837
826
819
806
823
791
730
766
810
843
837
799
711
695
714
769
800
847
852
758
730
750
757
892
952
867
795
853
837
793
736
741
748
780
830
815
800
800
827
805
792
781
733
739
768
821
854
831
788
802
776
783
776
767
722
711
691
710
774
877
846
787
758
764
773
775
748
701
693
681
706
763
820
804
785
814
825
824
815
789
774
715
671
664
665
705
937
945
896
818
789
794
765
767
800
855
884
826
770
781
847
807
790
796
829
859
839
859
878
889
760
727
718
761
897
948
876
852
908
857
861
850
932
935
888
907
952
878