818
817
766
775
812
858
879
817
784
726
694
686
778
862
911
835
767
720
700
685
671
696
682
696
762
790
829
884
948
869
777
727
708
715
823
982
980
934
884
863
823
855
911
915
962
952
922
860
788
754
791
984
1144
1050
900
823
855
886
827
792
966
933
946
762
718
707
762
846
873
832
796
758
702
707
750
804
767
738
766
783
819
789
844
727
741
843
822
852
853
841
821
760
747
759
788
753
749
755
713
722
707
754
771
816
852
821
823
792
754
707
697
770
721
758
780
744
717
771
774
818
796
717
707
691
692
759
811
854
855
762
762
812
779
790
783
780
826
818
785
729
770
793
813
869
845
834
822
743
727
716
747
801
812
823
728
735
747
779
758
728
708
668
716
886
902
892
836
761
707
706
712
750
754
751
727
680
672
664
706
741
806
795
724
673
686
685
809
843
846
771
772
771
763
765
728
732
736
748
837
840
842
759
742
751
773
850
861
846
804
709
690
702
781
853
831
802
785
768
805
833
850
871
809
730
776
918
846
862
790
758
788
893
992
939
948
826
822
766
788
838
969
1009
969
806
778
758
746
814
883
969
996
951
800
766
785
866
992
1008
961
942
865
807
866
811
886
952
980
964