689
657
652
662
659
664
667
632
621
627
646
671
689
693
672
635
616
597
587
586
605
637
652
672
662
640
656
685
710
685
688
700
705
705
668
670
701
729
752
738
740
730
718
689
670
673
697
747
771
753
699
706
714
718
712
724
738
719
701
696
714
722
708
680
664
647
651
684
714
705
715
747
752
749
739
677
661
658
666
678
694
696
709
694
659
675
688
695
703
690
664
666
694
715
713
684
680
682
704
718
706
708
713
705
691
661
649
656
675
694
717
721
702
671
659
676
700
692
657
634
626
630
644
672
682
689
666
636
635
636
641
645
660
677
646
646
665
687
684
688
668
667
674
688
688
663
627
609
608
606
590
596
633
690
714
710
671
638
632
633
652
676
696
723
731
730
736
710
670
646
646
641
652
676
714
715
713
709
680
660
655
661
685
699
712
692
719
712
714
677
646
634
635
651
679
709
722
725
693
680
679
701
724
702
715
740
717
691
686
691
706
707
729
705
665
645
643
662
702
719
745
755
718
704
688
689
702
712
723
708
712
708
704
710
693
662
644
656
692
734
762
724
729
726
726
720
732
726
692
664
655
660
679
698
725
730
716
679
649
628
625
650
685
718
752
790
790
787
796
792
792
699
655
666
668
705
744
771
742
697
688