685
695
692
691
684
660
659
672
693
692
654
626
617
624
642
684
724
700
668
685
711
736
712
714
693
682
654
650
679
729
775
771
737
727
730
711
703
674
671
697
738
750
771
740
733
722
712
688
662
661
701
725
723
752
759
765
754
754
729
702
709
750
794
794
773
746
740
741
726
665
650
644
664
677
709
681
665
691
726
727
664
663
666
659
629
614
621
647
687
703
718
658
643
648
660
671
675
670
653
663
693
690
688
696
698
697
694
670
678
689
699
663
620
601
600
610
662
759
771
770
732
678
693
726
729
674
674
674
704
731
666
644
642
647
683
708
690
650
662
677
705
725
728
729
721
684
636
629
631
646
673
711
698
726
719
718
707
690
703
667
636
635
637
657
671
705
705
695
667
683
693
721
725
716
686
649
656
674
705
722
701
685
664
662
647
641
623
610
614
644
680
713
735
729
686
645
646
657
684
694
710
726
699
723
730
729
716
700
673
651
661
688
720
736
734
728
693
668
647
656
670
685
687
667
642
642
671
709
740
742
725
726
694
702
698
701
692
685
697
704
660
620
612
623
654
684
714
708
694
680
681
694
699
697
672
679
702
714
743
774
754
705
697
706
729
762
770
733
694
684
705
750
798
814
758
770
756
756
742
714
721
767
807
825
778
793
801
753
724
738
767
769
752
779
779
785
695
668
675
687
701
711
680
649
645
644
656
675
688
685
637
627
629
640
655
649
631
631
639
655
673
678
682
695
703
703
698
696
696
707
708
699
696
688
662
635
636
650
689
728
757
763
773
731
713
703
688
669
664
686
724
735
715
704
725
754