620
624
634
662
646
621
622
646
683
629
641
645
650
654
647
650
669
646
706
646
645
649
653
695
689
646
689
685
689
688
647
656
691
705
690
678
672
704
721
735
700
677
683
671
676
680
663
639
645
662
693
667
646
667
666
662
651
629
624
660
675
701
680
663
671
655
621
610
625
647
642
642
620
625
623
584
584
605
624
627
630
611
601
590
569
569
565
598
620
665
663
665
640
627
605
604
608
606
591
604
612
636
641
643
650
632
611
597
596
577
580
579
592
628
625
645
630
619
597
598
599
573
563
571
588
640
641
640
645
652
628
622
600
591
599
604
585
591
630
611
584
575
601
602
633
634
638
623
584
586
605
631
625
620
608
582
588
586
600
620
622
633
616
613
613
591
606
606
626
602
616
604
594
580
579
603
617
619
618
621
612
587
576
588
604
627
636
633
628
621
652
654
652
633
596
567
556
552
561
604
648
667
683
650
652
664
679
663
659
655
642
617
628
662
703
681
665
684
651
634
635
641
643
645
643
643
620
608
619
640
653
673
687
674
632
630
639
646
642
646
633
633
604
602
623
689
709
712
698
657
622
623
614
613
608
591
604
635
678
667
668
666
624
633
625
627
628
628
615
646
672
666
670
659
673
653
678
684
663
636
670
695
680
667
642
631
619
646
680
690
686
680
712
729
724
695
631
636
638
649
650
646
641
640
625
659
673
629
617
631
669
689
673
639
651
669
656
659
631
621
630