608
607
642
645
646
640
634
602
589
604
624
622
605
605
603
613
598
594
611
609
596
575
583
605
584
570
592
625
651
634
619
643
630
607
588
602
593
590
582
596
611
646
625
615
634
625
601
570
569
565
582
609
597
594
618
646
652
625
617
630
598
584
577
591
603
613
613
627
650
675
639
593
623
651
648
604
600
596
594
613
618
589
565
558
539
533
532
540
545
557
559
562
551
553
571
574
559
545
540
544
562
563
572
574
551
546
563
572
567
563
569
565
578
588
596
587
577
563
552
574
615
591
574
563
575
584
605
612
594
595
594
595
559
550
563
590
575
570
581
579
599
595
574
584
572
566
588
625
620
622
645
658
634
620
613
610
600
581
568
564
576
564
547
557
568
616
638
649
652
646
582
571
580
591
618
631
623
621
609
615
598
635
643
666
665
615
625
664
646
613
642
661
660
612
614
624
622
594
589
595
606
614
591
592
601
608
586
572
598
606
619
605
593
604
586
602
615
612
602
577
566
566
579
595
609
595
588
589
593
586
586
592
603
594
598
577
561
556
561
582
590
607
601
589
599
598
586
592
614
602
599
584
571
559
561
578
599
625
621
602
592
606
586
576
584
600
605
613
612
595
602
604
582
559
552
545
542
565
584
566
568
573
597
606
586
587
604
630
647
633
630
624
629
629
616
611
630
615
656
641
621
679
652
663
675
659
642
641
668
693
711
668
648
623
642
662
682
695
686
668
674
695
699
702
678
654
652
640
623
628
674
684
705
678