717
750
775
729
863
961
896
917
906
735
726
754
719
699
771
789
731
823
759
780
729
728
760
744
713
790
835
737
720
741
764
774
760
678
728
765
793
697
734
742
802
749
683
717
726
686
668
719
724
720
666
630
647
688
713
672
720
737
689
688
772
748
659
662
675
663
676
654
641
603
593
606
646
677
666
665
686
698
677
637
633
657
679
700
693
706
712
649
613
600
597
597
609
616
628
712
824
765
700
712
702
729
697
685
646
614
626
661
710
677
663
692
691
679
672
634
628
651
665
732
710
663
682
697
659
626
627
648
684
684
646
636
621
629
630
617
592
583
590
600
591
584
595
603
632
677
715
716
661
616
613
613
628
649
675
686
662
690
729
736
732
699
701
659
617
626
643
660
693
696
702
667
681
680
638
637
602
595
592
604
644
671
711
697
664
642
646
667
711
703
707
697
646
634
626
620
632
633
666
724
771
786
781
725
673
674
667
707
728
726
685
654
691
752
775
760
793
764
700
711
733
753
705
664
675
711
689
674
725
753
780
764
774
775
691
663
654
703
796
841
770
735
783
746
727
791
790
729
738
761
736
800
852
811
760
811
816
792
708
722
746
719
749
825
812
753
771
749
695
645
623
662
745
767
734
770
801
804
742
693
717
778
775
753