690
701
660
670
688
700
676
729
750
712
728
731
714
665
688
735
751
711
753
772
767
751
698
680
703
731
711
718
774
800
782
709
694
725
774
721
712
777
796
760
728
668
668
693
711
697
762
851
818
777
763
719
665
685
731
752
716
745
827
818
725
734
706
695
712
738
753
681
657
676
697
681
659
696
754
777
705
703
722
769
767
687
669
688
699
711
727
710
661
647
666
686
671
695
743
789
747
694
650
645
667
671
666
691
750
764
745
708
710
699
644
632
644
669
663
658
697
747
682
702
743
724
737
675
654
661
688
726
741
743
701
683
703
676
655
682
716
702
687
714
678
653
629
605
600
604
615
634
614
625
656
705
726
721
678
699
713
726
679
669
664
678
707
687
666
693
694
707
727
752
753
745
672
665
678
708
726
749
752
763
723
678
647
613
613
617
632
643
711
828
836
805
800
779
716
694
700
719
714
672
665
688
682
634
625
648
667
666
647
620
605
611
627
648
662
641
621
624
641
685
736
739
719
698
655
639
647
682
661
692
739
723
716
791
818
769
729
768
758
749
690
704
737
744
704
726
784
777
743
740
745
729
704
660
654
674
686
668
693
730
800
775
709
720
754
724
702
713
750
749
734
675
698
743
771
733
743