775
754
772
845
809
769
711
692
684
735
765
793
753
784
850
840
807
815
844
803
807
910
869
813
507
1096
724
732
774
751
963
933
921
969
949
928
826
873
873
809
882
821
856
890
910
853
765
832
822
801
881
841
844
820
768
792
718
695
735
800
838
798
766
733
663
645
643
671
685
712
698
669
702
745
690
662
679
689
717
740
752
735
677
688
721
687
674
674
656
690
736
725
678
720
750
694
691
691
659
666
690
706
686
647
661
684
687
662
701
663
649
646
610
620
651
659
660
613
615
611
594
593
601
590
613
626
647
655
619
587
602
579
574
582
625
640
642
628
614
648
686
692
626
618
626
594
605
629
640
653
637
587
583
594
646
656
650
643
602
582
594
646
659
627
679
664
690
670
638
664
683
710
677
616
623
645
651
669
683
679
624
624
646
674
709
685
703
680
664
663
667
686
702
668
670
663
628
655
677
688
697
670
643
670
618
657
669
696
719
723
702
616
607
613
622
636
648
658
680
653
640
656
686
658
617
652
683
658
674
727
678
723
825
731
772
768
697
640
656
741
681
724
733
705
771
767
704
738
794
799
726
772
841
800
775
839
800
832
877
769
783
815
832
759
826
851
794
901
821
879
879
789
832
817
542
270
922