716
775
860
892
838
921
900
849
873
826
767
819
820
806
955
900
810
814
820
797
761
847
896
795
830
775
737
772
846
824
878
894
816
908
902
869
771
770
907
869
889
957
828
831
865
865
777
778
848
795
758
817
787
778
834
738
747
732
783
830
769
718
796
778
696
713
732
769
789
746
771
798
739
762
703
700
729
759
754
707
684
761
790
491
923
627
605
609
709
798
750
845
878
760
783
744
676
749
684
697
748
796
756
662
745
710
686
722
680
680
720
656
620
589
591
638
697
719
650
658
667
622
633
630
600
614
644
688
662
599
657
638
604
657
673
685
651
607
648
656
689
698
652
620
675
692
710
718
678
688
677
680
723
747
752
694
740
763
719
784
725
814
834
712
712
719
758
770
767
699
750
702
681
714
742
770
702
673
693
708
686
735
687
679
699
706
725
717
714
772
708
699
716
726
735
688
670
673
718
772
766
746
699
645
623
622
661
717
797
854
858
788
700
745
791
833
833
841
807
743
792
865
816
778
913
813
889
879
817
907
895
787
810
777
805
818
784
901
834
895
915
831
779
744
831
807
926
938
854
788
784
891
930
869
905
933
924
841
872
943
911
841
880
936