625
622
609
602
583
568
557
540
515
505
496
488
494
517
521
515
526
545
608
631
628
595
579
559
546
534
526
527
531
524
526
536
548
569
569
566
557
557
560
550
549
540
534
521
511
516
556
591
575
556
540
548
555
563
544
532
531
532
523
529
556
555
544
543
549
557
558
539
530
530
525
508
502
503
518
563
584
560
544
543
555
562
559
545
532
543
547
565
551
534
522
512
504
497
493
492
494
490
490
511
533
575
615
600
561
551
547
547
538
526
519
523
533
543
522
514
521
555
590
610
613
592
575
558
553
559
564
575
584
582
578
575
566
548
540
527
518
517
521
535
552
557
578
582
568
566
555
545
527
514
500
502
531
579
593
564
578
604
638
648
652
627
610
598
595
601
596
594
582
571
568
556
547
544
558
563
561
553
548
548
554
560
553
534
526
518
515
508
500
504
524
554
607
617
570
552
542
540
562
576
576
581
577
569
551
533
526
532
537
559
561
576
563
562
547
544
551
567
568
576
591
572
560
539
529
529
529
529
536
533
535
530
518
515
518
531
547
570
580
575
576
567
564
552
545
546
566
579
590
588
559
544
534
527
517
512
513
530
544
566
583
581
568
554
546
550
573
586
581
584
581
571
563
563
580
576
568
559
548
541
534
537
554
557
564
578
590
584
572
561
562
563
566
578
583
582
564
554
539
532
529
542
563
571
569
551
537
534
538
545
551
563
563
585
563
552
545
544
545
550
555
558
566
577
572
569
564
569
562
551
553
565
561
565
563
571
580
575
552
540
538
546
564
563
563
552
547
549
568
582
573
559
562
569
582
584
569
561
559
563
569
585
571
566
563
564
576
591
587
573
568
567
576
572
583
595
583
557
553
554
561
562
556
562
571
574
565
563
575
561
553
556
554
556
564
567
571
574
581
585
597