522
557
553
548
551
557
549
543
547
563
568
563
553
561
546
541
540
537
536
540
537
527
525
523
534
556
565
557
572
596
595
613
588
588
588
584
586
591
604
580
580
580
581
601
637
608
583
560
552
555
570
562
563
576
584
597
614
620
619
594
596
604
606
611
595
581
577
568
576
579
568
558
553
563
576
590
583
569
583
575
564
556
551
541
531
531
534
523
516
514
522
547
581
610
604
588
580
586
583
572
567
552
547
548
549
541
535
546
569
609
632
646
624
597
576
565
563
554
550
543
547
561
581
572
561
544
535
530
528
534
551
565
613
594
588
570
561
552
553
537
523
516
517
532
570
593
637
612
609
592
583
580
588
574
563
552
565
607
599
574
556
546
531
517
509
507
520
528
534
568
587
588
579
575
575
606
651
682
649
614
584
564
557
582
571
574
581
579
562
554
552
558
565
582
603
589
570
559
547
548
550
563
585
600
623
599
578
566
554
551
547
550
543
534
539
550
557
553
551
543
538
530
524
518
514
524
536
535
522
525
535
553
585
589
584
568
556
543
541
540
559
594
641
642
591
579
572
578
597
595
582
568
552
539
534
535
563
593
636
620
595
581
568
577
596
622
608
615
607
590
569
557
551
556
561
578
590
604
599
586
568
557
552
560
583
610
584
581
581
577
569
562
554
571
594
613
619
622
608
583
579
574
567
552
541
539
557
561
569
574
577
593
606
622
635
617
581
564
562
569
591
613
638
625
616
595
578
575
575
583
569
563
557
569
566
569
582
588
604
595
594
574
566
565
549
546
541
550
558
575
571
568
565
563
559
557
561
574
605
604
603
597
592
589
579
581
581