688
694
725
742
753
757
746
735
726
713
710
683
687
704
716
716
726
736
748
757
733
724
697
688
673
663
654
668
680
700
730
729
734
712
702
678
669
670
682
693
690
691
690
692
704
694
678
659
647
651
663
689
694
697
692
688
683
670
651
636
625
623
631
636
638
634
650
648
639
636
630
638
647
653
642
642
643
642
646
649
653
658
660
658
652
649
638
653
672
677
688
693
697
692
675
663
647
643
644
662
692
720
740
730
750
744
720
692
669
665
667
681
707
715
704
703
695
690
686
682
678
679
675
677
683
692
702
702
673
658
646
637
634
634
639
649
650
658
658
648
636
623
622
633
646
659
656
658
644
637
635
646
674
708
734
758
730
741
733
730
726
726
698
674
656
651
669
694
729
757
727
722
723
729
728
736
717
688
667
659
669
696
722
754
766
777
771
750
695
677
664
669
689
715
723
715
725
725
725
716
709
688
666
647
646
646
659
671
684
689
700
720
724
739
735
711
690
678
675
670
686
702
734
743
743
744
753
746
750
730
723
693
686
685
688
698
708
734
751
766
755
716
708
693
672
666
666
681
699
728
746
758
754
740
719
683
651
629
631
634
652
695
726
734
755
729
705
708
714
711
721
725
722
704
701
707
715
706
696
678
679
697
728
738
765
763
785
780
751
734
728
726
730
719
728
729
738
739
735
742
736
729
722
716
721
723
736
743
729
730
732
743
753