665
674
684
690
688
691
690
708
702
710
727
744
754
738
761
746
732
713
704
681
681
688
714
730
729
741
741
727
711
685
670
649
639
662
694
699
683
681
676
680
686
667
650
635
628
642
663
686
701
697
701
684
678
684
684
684
675
688
674
678
674
675
672
661
648
643
659
699
740
755
734
720
691
682
676
684
682
680
666
656
637
639
643
639
631
621
625
640
663
674
690
680
671
671
665
644
630
621
625
633
638
648
652
642
636
637
645
636
624
618
622
630
646
657
661
652
646
643
642
633
625
615
614
626
640
648
653
640
637
635
637
632
621
611
604
605
608
614
618
612
609
610
617
616
613
608
599
595
578
570
572
567
562
561
559
565
573
575
577
571
566
564
571
578
590
594
602
604
603
604
598
602
608
613
625
641
661
651
639
625
623
628
635
639
639
627
620
623
636
651
674
688
671
656
647
646
651
665
668
645
635
631
633
646
666
683
690
680
680
669
641
626
614
609
611
617
616
618
626
644
659
664
667
657
639
620
607
608
620
649
662
675
656
657
664
679
693
700
694
687
667
669
662
678
691
708
720
720
700
701
697
703
710
698
678
652
645
645
654
673
692
712
697
701
699
701
693
694
696
673
656
648
652
663
684
706
726
726
706
707
685
685
665
669
655
631
624
614
625
640
659
677
704
721
701
680
652
646
656
659
651
651
657
668
677
688
701
708
717
714
700
698
692
698
701
694
688
710
722
740
739
731
716
713
693
677
664
668
666
663
646
635
636
655
669
664
698
729
714
686
681
675
684
694
694
667
648
631