769
759
790
875
862
877
943
923
867
893
923
923
879
890
880
839
863
866
842
830
846
814
856
885
867
894
897
884
881
822
809
847
852
841
841
873
878
847
840
879
878
860
841
823
831
837
853
856
868
881
884
838
821
824
812
832
805
775
758
717
652
838
849
797
782
789
807
789
768
746
743
774
787
771
785
830
831
812
813
827
812
796
777
738
732
756
795
782
748
751
767
782
765
752
767
764
759
749
732
737
762
769
776
768
733
724
730
721
689
651
727
840
742
741
751
739
747
753
748
719
704
635
638
754
841
780
760
764
771
795
789
799
771
755
754
771
781
766
758
743
729
713
708
729
745
798
778
752
728
738
742
729
732
742
742
744
728
723
695
717
709
737
671
615
656
736
756
712
664
653
723
787
779
758
761
770
777
766
737
739
717
635
721
800
817
806
797
782
768
795
813
795
771
732
709
684
691
800
771
808
801
765
753
800
805
809
800
769
749
747
738
767
791
780
806
827
833
817
800
808
796
764
789
829
821
805
826
829
834
810
797
807
804
805
802
848
886
885
838
849
844
838
783
761
861
872
898
855
871
869
861
874
911
911
888
872
857
895
917
912
891
899
899
875
872