922
905
884
854
848
838
820
840
870
834
822
837
834
864
811
770
698
813
813
815
833
864
832
813
811
800
840
792
804
849
871
858
843
843
866
863
815
825
803
824
805
825
853
888
880
837
818
813
813
804
813
821
809
810
808
843
829
846
845
823
805
805
794
809
807
792
799
765
777
769
798
806
829
835
840
846
862
817
786
771
770
791
794
785
780
771
759
753
774
793
813
821
817
783
760
744
728
709
724
832
806
838
838
828
841
879
860
836
850
811
736
597
590
604
687
828
847
843
873
864
860
866
874
868
849
837
838
836
857
873
845
826
838
836
826
810
782
792
779
789
829
824
819
787
783
774
794
790
805
807
767
790
777
741
687
688
714
696
735
793
818
820
806
804
797
792
813
778
785
808
854
846
874
813
763
756
748
832
834
879
852
814
848
879
882
858
858
791
768
779
793
811
855
850
789
779
812
839
822
784
789
773
792
822
847
827
816
789
758
754
699
650
589
609
718
879
788
773
787
825
849
834
864
867
850
844
818
827
857
882
858
844
833
847
852
856
851
879
845
828
818
821
819
808
813
819
842
854
853
866
847
845
834
843
821
804