574
600
564
560
560
557
576
597
571
552
537
534
536
536
555
552
598
619
578
562
565
550
538
529
534
539
540
563
563
538
535
530
539
563
597
599
590
578
548
523
516
513
532
549
567
565
554
551
553
563
566
547
570
555
567
556
525
519
519
516
508
508
513
527
535
528
545
543
556
557
541
523
515
516
523
542
550
552
550
543
532
531
528
524
512
498
491
491
494
503
511
523
529
515
503
503
505
509
522
527
521
511
516
511
509
503
495
487
483
477
472
472
472
470
475
476
479
478
490
502
990
490
481
482
483
483
485
485
486
480
494
506
509
514
518
526
522
514
521
518
505
504
507
513
510
512
521
522
530
539
534
533
510
508
497
487
483
478
481
487
491
494
502
495
501
506
503
499
494
497
502
508
522
537
538
538
538
548
537
525
517
498
506
495
492
497
502
512
514
506
499
495
490
485
476
476
471
473
482
494
506
513
542
511
503
501
506
518
515
537
544
553
569
587
601
611
610
603
585
570
534
524
519
525
539
553
576
593
576
571
560
555
521
516
514
517
522
535
541
1098
518
511
508
496
494
491
493
492
494
494
498
508
511
522
518
520
520
527
539
546
548
556
559
555
539
540
543
541
539
536
527
521
521
513
522
525
523
508
514
523
526
525
518
511
516
515
524
535
543
542
555
544
534
526
536
536
550
567
576
574
581
555
564
549
558
565
562
550
530
521
517
523
529
543
551
542
541
539
531
520
526
527
543
558
577
612
614
597
607
620
633
626
605
593
574
554
542
537
523
509
516
544
587
647
668
653
597