670
726
683
637
604
569
537
523
519
535
563
563
542
530
546
561
571
568
553
535
533
531
523
518
507
497
494
494
497
509
513
521
508
494
488
486
486
486
486
491
503
526
562
564
556
540
533
508
503
492
492
488
486
485
495
493
510
521
539
552
555
552
553
546
544
535
531
522
527
522
516
521
530
554
576
566
567
582
606
640
637
621
597
582
547
516
510
493
485
488
501
517
543
568
582
602
627
648
612
626
594
563
588
570
592
604
609
599
588
589
583
570
558
539
530
517
513
515
527
539
554
579
604
627
597
624
621
629
610
607
604
600
597
597
598
580
551
521
524
516
537
570
604
601
617
619
626
614
586
581
575
570
569
564
550
535
524
526
557
635
668
677
673
649
661
663
649
637
606
599
574
547
561
561
571
601
607
595
593
578
581
595
608
608
608
579
560
542
510
502
496
506
534
591
653
698
677
621
639
649
648
644
642
614
588
584
566
572
562
556
545
531
521
503
508
516
529
546
562
570
563
546
563
559
568
567
568
564
562
535
555
545
549
556
552
563
554
554
548
547
522
522
528
546
560
581
587
585
571
550
573
592
598
607
604
600
589
557
568
563
576
591
603
602
591
580
567
538
534
531
550
580
597
623
612
611
600
577
552
546
540
545
554
564
562
555
563
571
592
592
575
557
552
537
534
517
518
524
535
543
551
562
576
581
570
558
550
531
517
505
502
513
552
649
749
753
732
680
687
662
670
646
609
573
552
548
584
675
724
699
698
679
654
636
618
580
567
569
584
617
599
615
640
671
690
688
679
656
613
611
613