973
970
977
952
964
948
948
945
938
896
896
900
920
924
930
941
907
926
944
951
957
942
934
970
949
961
967
984
1004
1013
1022
998
1028
1031
1041
1052
1060
1062
1028
1053
1040
1004
991
1007
988
1005
1031
1028
1031
986
975
986
1009
992
988
1002
976
948
987
991
985
918
980
990
933
969
985
1004
1012
1021
1027
981
1022
1037
1024
990
977
1019
984
991
1011
1015
1007
1010
943
988
992
1017
1022
1016
992
939
948
971
984
973
905
949
975
976
973
966
942
971
972
983
943
979
1006
993
1002
979
968
1000
1005
1011
1016
964
1009
1030
1026
1012
999
988
965
951
967
916
936
897
861
912
932
925
964
977
944
942
980
1002
1009
1003
989
973
937
907
889
926
941
940
942
929
979
987
979
959
985
1009
1026
1009
1009
1000
970
1006
1016
982
964
945
986
1006
995
995
992
1001
1000
970
927
959
1004
1033
1044
1054
1059
1042
1045
1035
1031
1022
973
944
977
994
994
992
964
989
1002
1012
992
1004
1013
1019
1029
1040
1044
1013
1003
1028
1032
1032
1038
1038
1051
1051
1051
1051