902
933
873
906
870
852
816
866
894
908
925
905
929
934
904
877
914
938
931
901
964
1008
1000
905
948
965
970
934
981
1005
950
972
964
882
953
993
1025
1024
932
956
978
990
976
954
984
922
949
962
978
953
946
921
915
971
996
938
953
973
881
921
938
940
960
975
942
945
854
890
870
881
884
842
866
875
817
889
923
938
941
941
881
931
889
925
963
972
974
977
919
961
902
975
994
997
994
989
979
1007
999
969
980
969
976
979
952
912
898
916
900
860
908
947
990
988
912
957
973
985
991
994
959
983
981
990
986
941
990
1004
1007
1006
971
1012
1021
1014
991
952
992
1012
1013
1022
989
994
978
973
955
877
905
919
906
959
994
1021
1022
968
955
999
1022
1027
1010
1022
978
982
978
1021
1044
1043
1015
948
1009
1028
1015
989
973
1013
1031
1024
1019
1015
966
1005
1023
1021
987
996
1018
1028
1013
979
1011
1003
1013
969
916
971
989
1008
1034
1045
1036
958
992
1008
1011
1026
1032
1045
990
1000
1032
1051
1053
1062
1085
1033
1058
1063
1059
1003
1066
1082
1039
1071
1063
1062
992