1003
907
963
969
915
829
854
1139
1045
881
867
796
778
700
764
1079
895
898
896
871
874
1037
907
865
854
900
911
921
921
903
914
970
954
858
876
900
860
834
928
1001
938
891
902
818
890
879
861
849
893
926
897
951
863
716
676
667
721
981
905
796
709
671
676
761
878
851
776
754
802
813
820
871
885
839
748
722
754
732
732
766
812
787
756
788
828
819
738
690
691
719
718
771
817
813
773
742
757
810
771
715
725
770
845
879
795
707
646
661
670
755
784
737
729
804
833
764
725
724
801
906
824
845
805
729
693
701
769
803
821
768
723
705
760
751
778
753
720
692
723
757
826
826
770
769
748
747
748
777
746
723
717
749
757
787
781
779
751
755
702
670
669
690
726
671
646
626
642
675
707
687
663
640
664
712
764
789
768
748
726
699
686
720
751
765
744
720
658
651
691
744
749
735
696
691
734
817
818
786
778
781
812
878
867
820
794
780
846
829
843
828
794
763
805
836
832
827
802
759
701
696
712
647
713
787
896
790
713
704
757
766
731
703
728
841
978
997
945
843
896
962
859
781
809
894
967
882
908
976
906
894
987
985
899
936
997
905
940
1037
1057
915
856
964
908
765
712
763