694
652
658
725
802
781
749
778
853
845
824
777
821
861
847
832
886
955
895
838
852
881
875
881
904
952
893
879
899
853
907
938
869
885
958
901
931
922
834
824
911
845
916
887
846
912
937
831
740
699
756
821
741
834
1005
908
813
813
855
889
898
879
821
774
717
649
633
631
657
764
762
775
789
832
851
778
763
765
771
820
826
798
765
790
798
848
872
876
856
810
748
689
658
672
740
813
828
886
885
868
830
761
725
682
676
643
655
769
753
771
796
780
820
793
751
721
726
744
805
850
820
787
703
664
668
703
777
794
771
715
674
662
674
715
795
854
792
813
810
776
731
711
700
727
791
828
844
805
752
765
705
717
754
737
691
652
648
676
702
741
730
764
806
842
825
789
755
681
642
643
667
719
700
646
666
707
736
781
780
719
706
677
665
687
729
775
781
748
750
778
815
815
784
751
710
715
771
882
856
816
782
775
756
807
802
759
801
807
780
729
773
819
854
747
737
759
770
710
684
678
633
696
744
771
866
881
790
727
724
797
822
776
796
813
833
802
852
870
816
772
745
763
752
761
812
819
746
697
746
706
688
688
694
744
852
853
750
729
722
744
718
677