1038
883
857
965
1005
1019
1038
909
950
1028
1011
950
889
915
982
1031
1042
1045
1041
1023
1027
1046
1040
994
893
920
974
877
905
998
902
989
1043
1032
1012
996
979
907
972
1005
1040
1005
932
981
1045
1004
823
824
760
755
922
935
967
909
812
944
973
908
1007
1044
1015
911
967
1025
1002
987
937
942
928
919
826
768
821
913
950
925
941
960
938
947
870
907
952
979
957
931
953
908
846
932
979
891
766
804
878
964
958
821
867
932
972
938
993
991
985
945
869
946
966
852
879
922
927
956
801
876
935
967
953
931
786
833
920
978
966
912
807
900
891
968
883
892
967
1016
990
904
907
974
979
969
945
859
976
1011
1005
1011
928
955
1035
1088
1085
1070
1078
1082
1072
1012
877
909
979
1028
1013
960
876
1016
1088
1061
1014
1031
1013
997
934
794
779
903
1047
1055
996
1075
1096
1077
985
1021
1087
1121
1065
1092
1085
1074
1098
1079
1120
1107
1082
948
859
990
1113
1083
1038
1097
1057
932
962
1073
1074
1067
991
964
1055