983
858
935
991
898
840
942
976
906
799
822
878
938
944
811
874
954
937
934
959
944
947
850
876
955
941
862
914
967
963
954
887
791
881
940
979
959
882
784
866
962
938
899
912
963
966
882
821
949
975
887
790
908
936
880
768
839
901
927
924
824
832
893
840
902
936
959
965
868
815
913
889
909
933
848
872
910
967
956
812
768
827
891
942
932
914
911
811
783
850
872
868
875
904
911
773
759
896
1002
852
754
870
979
967
892
753
795
844
879
807
852
843
852
796
736
813
880
878
846
889
899
905
884
774
780
821
867
882
871
742
783
802
820
822
903
885
817
882
938
953
947
849
881
966
856
746
820
916
975
980
843
788
864
1015
940
949
927
916
935
934
806
810
878
1017
970
979
963
954
791
847
980
1041
880
826
925
994
1002
995
924
927
1026
1015
1036
938
859
1027
1044
988
1005
962
1015
942
830
925
1033
1092
1014
880
1043
1134
1139
1064
995
1096
1163
1104
1125
1128
996
1022
1093
1086
1087
1021
1075
1146
1168
1154
1146
1111
1020
1108
1131
1118
1019
1053
1136
1170
1043