738
679
696
710
716
739
715
753
751
743
694
662
618
613
618
652
696
757
735
760
771
681
667
649
698
729
733
776
783
771
735
686
683
671
721
774
767
766
735
731
717
657
656
658
693
695
697
729
759
778
772
697
661
641
674
744
771
767
809
835
783
756
753
752
751
697
687
670
638
660
688
718
693
709
739
748
686
665
629
645
654
672
693
711
692
687
678
667
625
598
604
601
617
632
657
679
687
685
674
622
598
605
595
599
607
621
641
650
662
643
623
604
595
598
605
614
627
650
679
697
705
673
663
673
689
723
730
723
706
680
637
597
587
590
597
617
669
687
642
632
625
634
644
650
651
645
631
624
629
588
586
586
588
604
632
654
666
672
676
624
618
592
582
589
604
633
651
667
678
675
650
649
628
602
610
636
666
680
700
718
721
713
684
663
669
670
697
738
755
694
681
653
684
709
740
720
736
736
694
688
682
687
664
671
693
728
712
699
700
679
644
646
650
673
701
722
750
753
724
669
636
651
658
674
702
715
723
714
715
688
687
679
672
655
688
707
741
790
805
738
680
668
668
661
675
676
676
681
664
683
705
718
730
718
693
691
694
709
736
764
754
741
763
757
788
779
729
715
705
736
754
749
706
701
685
673
655
681
717
716
699
723
748
776
758
757
754
782
816
792
753
783
799
802
762
738
755
778
836
803
797
835
842