760
741
713
696
677
672
646
648
637
616
620
627
637
655
685
696
719
688
688
702
715
666
671
682
698
727
714
711
724
739
719
692
704
724
724
724
692
689
705
708
751
724
695
688
705
729
748
754
732
739
761
763
710
700
705
725
744
722
706
687
700
742
776
797
744
735
725
698
634
647
654
694
758
770
753
765
756
698
673
659
671
637
657
649
672
705
729
698
664
636
639
647
661
687
692
691
698
695
671
639
641
634
603
630
636
652
674
682
689
683
659
623
595
607
599
620
649
684
708
725
726
731
717
718
748
737
712
635
638
618
640
683
717
715
690
663
641
646
668
688
707
674
605
627
628
637
659
667
663
627
616
620
626
640
646
655
658
641
604
618
614
630
641
664
652
664
660
621
607
609
609
613
620
616
604
612
610
600
615
606
613
637
627
616
633
621
601
587
603
593
612
628
631
638
636
600
621
621
628
619
623
628
628
609
625
641
672
699
718
706
651
656
651
649
674
686
693
705
653
655
655
689
695
719
688
656
663
653
676
695
717
737
725
683
642
641
641
663
692
719
676
674
663
670
679
688
699
717
743
753
749
749
727
679
684
690
746
786
824
840
854
847
753
740
746
739
733
809
852
876
816
760
740
764
770
804
764
759
773
793
795
731
734
760
800
802
789
834
861
816
733
682
680
689
769
800
813
784
827
837